11111111111111111111111111111      
10000000001100000000000000001      
11111000011100000000000010001      
1    10010000000000000000000011111 
11111000011100000000000010001      
   1000000000110000011101111011    
11110111111111011100000010001      
11110111111111011101010010001      
11000000110101011100000010001      
10000000000000001100000010001      
10000000000000001100010000001      
11000000110101000000000000001      
11110111110101000000000000001      
10000000001100000100000010001      
10000000000000000000000001001      
10000000001000010000000001001      
10000000001101000000000000001      
10000000000100000001010000001      
11111111111111111111111111111      
